0.000000000000000000e+00    2.044930636927713067e+03
2.000000000000000000e+00    2.064957054819330097e+03
4.000000000000000000e+00    2.010293920320071720e+03
6.000000000000000000e+00    2.025434265450278417e+03
8.000000000000000000e+00    1.964245246225054871e+03
1.000000000000000000e+01    1.903033492692712343e+03
1.200000000000000000e+01    1.857211380636894091e+03
1.400000000000000000e+01    1.759398598416022196e+03
1.600000000000000000e+01    1.675033406467740178e+03
1.800000000000000000e+01    1.575690879022431318e+03
2.000000000000000000e+01    1.475396046118765298e+03
2.200000000000000000e+01    1.374359399494267109e+03
2.400000000000000000e+01    1.258606478268046885e+03
2.600000000000000000e+01    1.136618205677305696e+03
2.800000000000000000e+01    1.037609876478508795e+03
3.000000000000000000e+01    9.197565914732618921e+02
3.200000000000000000e+01    8.225822060615877263e+02
3.400000000000000000e+01    7.051980263019513586e+02
3.600000000000000000e+01    6.314017578936075097e+02
3.800000000000000000e+01    5.495300617567091876e+02
4.000000000000000000e+01    4.811385811509715609e+02
4.200000000000000000e+01    4.591884163934079766e+02
4.400000000000000000e+01    4.102883984481106268e+02
4.600000000000000000e+01    4.081239900906151661e+02
4.800000000000000000e+01    4.069316369247167131e+02
5.000000000000000000e+01    4.476897882050799353e+02
5.200000000000000000e+01    4.746344590217691461e+02
5.400000000000000000e+01    5.522751231273937265e+02
5.600000000000000000e+01    6.166435996632259275e+02
5.800000000000000000e+01    7.392899351318096706e+02
6.000000000000000000e+01    8.211083314053809090e+02
6.200000000000000000e+01    9.307883144095667376e+02
6.400000000000000000e+01    1.043980707213326468e+03
6.600000000000000000e+01    1.123417001242067045e+03
6.800000000000000000e+01    1.269230269624428274e+03
7.000000000000000000e+01    1.417072743299092281e+03
7.200000000000000000e+01    1.462842209762417951e+03
7.400000000000000000e+01    1.572233081563395444e+03
7.600000000000000000e+01    1.693354737248272386e+03
7.800000000000000000e+01    1.768234567475944459e+03
8.000000000000000000e+01    1.841101042645978623e+03
8.200000000000000000e+01    1.884847186084843088e+03
8.400000000000000000e+01    1.961243477363629836e+03
8.600000000000000000e+01    2.049470823238652883e+03
8.800000000000000000e+01    2.026958677704931915e+03
9.000000000000000000e+01    2.058464876404384540e+03
9.200000000000000000e+01    2.065002542562187500e+03
9.400000000000000000e+01    2.177001258471060282e+03
9.600000000000000000e+01    2.024601367531977985e+03
9.800000000000000000e+01    1.970314639348017408e+03
1.000000000000000000e+02    1.934306461486113221e+03
1.020000000000000000e+02    1.864732990218617033e+03
1.040000000000000000e+02    1.797148516172578184e+03
1.060000000000000000e+02    1.704825482990823502e+03
1.080000000000000000e+02    1.595616833530374151e+03
1.100000000000000000e+02    1.483252225530339274e+03
1.120000000000000000e+02    1.366722929012720897e+03
1.140000000000000000e+02    1.263554254700745560e+03
1.160000000000000000e+02    1.121103161972908993e+03
1.180000000000000000e+02    1.003386943822024591e+03
1.200000000000000000e+02    9.023144772448512185e+02
1.220000000000000000e+02    8.212777895606042193e+02
1.240000000000000000e+02    7.174652401394929484e+02
1.260000000000000000e+02    6.006717312199987191e+02
1.280000000000000000e+02    5.316521471521264175e+02
1.300000000000000000e+02    4.691794057945116947e+02
1.320000000000000000e+02    4.263548411565628840e+02
1.340000000000000000e+02    4.166038813230255187e+02
1.360000000000000000e+02    3.979179230792497606e+02
1.380000000000000000e+02    3.958317945689079806e+02
1.400000000000000000e+02    4.453263500901237535e+02
1.420000000000000000e+02    4.792871821644891952e+02
1.440000000000000000e+02    5.321788439033026634e+02
1.460000000000000000e+02    5.990187953417894278e+02
1.480000000000000000e+02    6.910581955159542531e+02
1.500000000000000000e+02    7.895248626655284170e+02
1.520000000000000000e+02    9.146604076110872938e+02
1.540000000000000000e+02    1.010449844958459948e+03
1.560000000000000000e+02    1.096681965587161812e+03
1.580000000000000000e+02    1.246155829868434239e+03
1.600000000000000000e+02    1.345007210427056179e+03
1.620000000000000000e+02    1.483000938805235819e+03
1.640000000000000000e+02    1.555640671931628503e+03
1.660000000000000000e+02    1.671264309937291046e+03
1.680000000000000000e+02    1.723485673704324427e+03
1.700000000000000000e+02    1.794257221353577279e+03
1.720000000000000000e+02    1.870214765371721114e+03
1.740000000000000000e+02    2.155715222743150207e+03
1.760000000000000000e+02    1.980960501758204828e+03
1.780000000000000000e+02    2.014878128450141730e+03
1.800000000000000000e+02    2.021216726684831201e+03
